3.65281409401e-05
0.0257840283002
0.00437118766144
0.378294998241
0.0196037257144
0.00493701626026
8.10497593811e-06
0.0265143756862
0.00212596144481
0.0127469686327
0.0245267281088
1.64696390587e-06
0.0565669681804
0.026234258607
4.54205339431e-07
0.118732261123
0.0209267876249
2.72489191741e-07
0.16166630367
0.0215636294272
6.14535855193e-09
0.137923658728
0.0180202542749
8.28432796247e-08
0.1449189324
0.0195210115024
5.01628063482e-09
0.0852151367916
0.0179834141569
0.00132947172157
0.13704558946
0.016716385746
4.48277460731e-07
0.121674331416
0.0151140177604
6.37664514472e-08
0.205479516689
0.0341654091888
1.99445315666e-06
0.200146234472
0.0312324727694
1.43094157368e-07
0.187664187786
0.0322584363756
4.31630156138e-07
0.0994589391978
0.00908536112907
0.00227011034304
0.107319425603
0.012747664595
4.84861982274e-07
0.199236741199
0.0247865607754
0.0042541689501
0.196782288968
0.0236749930276
0.00438441987922
0.205311604676
0.0260752385793
0.0054092006164
0.49612679654
0.0301886680021
0.00995151365345
